15
0
      1 -4.21401e-01 -7.58652e-01 +0.00000e+00 -4.17482e-01 -3.70410e-01 +0.00000e+00
      1 -5.57711e-01 -8.15506e-01 +0.00000e+00 -9.40361e-01 -4.21270e-01 +0.00000e+00
      1 +2.56732e-01 -6.55998e-01 +0.00000e+00 -3.87940e-01 +3.47048e-01 +0.00000e+00
      1 -3.08254e-01 -7.54369e-02 +0.00000e+00 +5.42381e-01 -8.67869e-01 +0.00000e+00
      1 +2.93405e-01 -9.85602e-02 +0.00000e+00 -5.52531e-01 -9.61652e-02 +0.00000e+00
      1 +4.59617e-01 -9.58681e-01 +0.00000e+00 +9.98511e-01 -7.70195e-01 +0.00000e+00
      1 -7.03296e-02 +2.92937e-01 +0.00000e+00 +1.87790e-01 +4.07272e-01 +0.00000e+00
      1 -3.85575e-01 -1.78392e-01 +0.00000e+00 +2.26208e-01 +7.22421e-01 +0.00000e+00
      1 -3.32276e-01 -5.58796e-01 +0.00000e+00 +8.17665e-01 -6.41765e-01 +0.00000e+00
      1 -1.81250e-02 -7.53694e-01 +0.00000e+00 +3.95846e-01 -3.69795e-01 +0.00000e+00
      1 -9.57657e-01 -1.62078e-01 +0.00000e+00 -5.42899e-01 +5.30350e-01 +0.00000e+00
      1 +2.19377e-01 +6.47651e-01 +0.00000e+00 -9.04396e-01 +8.79705e-01 +0.00000e+00
      1 +1.96444e-01 -2.64042e-01 +0.00000e+00 +4.07955e-01 -3.27870e-01 +0.00000e+00
      1 +3.66872e-01 +7.36588e-01 +0.00000e+00 -4.83728e-01 +2.35600e-01 +0.00000e+00
      1 +2.50647e-01 +7.82399e-01 +0.00000e+00 -6.37040e-02 +5.65390e-01 +0.00000e+00
